green:
  T_cn_cnm1:
  - [1.0, 0.0, 0.0, 0.0]
  - [0.0, 1.0, 0.0, 0.0]
  - [0.0, 0.0, 1.0, 0.0]
  - [0.0, 0.0, 0.0, 1.0]
red:
  T_cn_cnm1:
  - [0.999994272965427, 0.000509633267000721, 0.00334578993373991, 0.0]
  - [-0.000518813890556974, 0.999996101631583, 0.00274363878521668, -0.015]
  - [-0.00334437864102052, -0.00274535891459501, 0.999990639024154, 0.0]
  - [0.0, 0.0, 0.0, 1.0]
reg:
  T_cn_cnm1:
  - [0.999982224780552, 0.000678921115157585, -0.00592361283825994, 0.015]
  - [-0.000697838930732867, 0.999994661598843, -0.00319214577399190, 0.0]
  - [0.00592141400046968, 0.00319622276054938, 0.999977360251871, 0.0]
  - [0.0, 0.0, 0.0, 1.0]
nir:
  T_cn_cnm1:
  - [0.999988628656662, -0.00135959686445259, -0.00457100139303203, 0.015]
  - [0.00136997085095719, 0.999996491583188, 0.00226715707065494, -0.015]
  - [0.00456790293640941, -0.00227339342870162, 0.999986982887818, 0.0]
  - [0.0, 0.0, 0.0, 1.0]
rgb:
  T_cn_cnm1:
  - [0.990406755070530, -0.00164952673829312, 0.00858667068534427, -0.0138]
  - [0.00302970135687954, 0.989697539628055, -0.0154612801726941, -0.0213]
  - [-0.00822891294958081, 0.0176232484805936, 0.981061306770787, -0.0087]
  - [0.0, 0.0, 0.0, 1.0]
