image_width: 1280
image_height: 960
camera_name: cam0
camera_matrix:
  rows: 3
  cols: 3
  data: [1659.21, 0.0, 602.992, 0.0, 1659.21, 488.725, 0.0, 0.0, 1.0]
distortion_model: fisheye
distortion_coefficients:
  rows: 1
  cols: 5
  data: [0, 1, 0.00672719, -0.138346, 0]
