image_width: 1280
image_height: 960
camera_name: cam0
camera_matrix:
  rows: 3
  cols: 3
  data: [1668.88, 0.0, 630.659, 0.0, 1668.88, 484.29, 0.0, 0.0, 1.0]
distortion_model: fisheye
distortion_coefficients:
  rows: 1
  cols: 5
  data: [0, 1, 0.00753684, -0.138887, 0]
