image_width: 1280
image_height: 960
camera_name: cam0
camera_matrix:
  rows: 3
  cols: 3
  data: [1659.94, 0.0, 591.353, 0.0, 1659.94, 507.47, 0.0, 0.0, 1.0]
distortion_model: fisheye
distortion_coefficients:
  rows: 1
  cols: 5
  data: [0, 1, 0.0154198, -0.15624, 0]
