image_width: 4000
image_height: 3000
camera_name: cam0
camera_matrix:
  rows: 3
  cols: 3
  data: [3390.98194567317250402994, 0.0, 2023.64616916644263255876, 0.0, 3390.98194567317250402994, 1543.72410648382424369629, 0.0, 0.0, 1.0]
distortion_model: radtan
distortion_coefficients:
  rows: 1
  cols: 5
  data: [0.17983461573909562126, -0.51745388410635084764, 0.46652112554338898143, -0.00037073747025110476,
0.00064948444427453131]
