image_width: 4000.0
image_height: 3000.0
camera_name: cam0
camera_matrix:
  rows: 3.0
  cols: 3.0
  data: [2475.7100666970696, 0.0, 1989.7630985926976, 0.0, 2470.0525313779826, 1430.6793347002008,
    0.0, 0.0, 1.0]
distortion_model: radtan
distortion_coefficients:
  rows: 1.0
  cols: 5.0
  data: [-0.14351515684950605, 0.14644936860233676, -0.04323773650026625, 0.0015891696050723493,
    -4.261339213311475E-4]
