image_width: 640
image_height: 480
camera_name: cam0
camera_matrix:
  rows: 3
  cols: 3
  data: [510.7665845762081, 0.0, 315.5946455916356, 0.0, 527.6232945161586, 331.6011661105628, 0.0, 0.0, 1.0]
distortion_model: radtan
distortion_coefficients:
  rows: 1
  cols: 4
  data: [0.05450042721717411, -0.021646918786342156, 0.00860212286018248,
    -0.0037963016095179736]

