image_width: 640
image_height: 480
camera_name: cam0
camera_matrix:
  rows: 3
  cols: 3
  data: [610.30884055975002411287, 0.0, 312.63188132591091061840, 0.0, 610.30884055975002411287, 242.02036684463820392921, 0.0, 0.0, 1.0]
distortion_model: radtan
distortion_coefficients:
  rows: 1
  cols: 4
  data: [0.14215145726251368630, -0.41980548726863115006, 0.25667040842975236137,
    0.00152139424344691250, -0.00300842121021567153]

