cam0:
  cam_overlaps: []
  camera_model: pinhole
  distortion_coeffs: [0.1756942964600002, -0.30041767778428813, -0.0007072649955482555,
    0.018882044525959516]
  distortion_model: radtan
  intrinsics: [1383.0687036814008, 1380.3005764255545, 1002.5148957214162, 550.6993639699664]
  resolution: [1920, 1080]
  rostopic: /falcon/realsense/color/image_raw
