image_width: 1920
image_height: 1080
camera_name: cam0
camera_matrix:
  rows: 3
  cols: 3
  data: [1374.5565356994948, 0.0, 904.2836791756424, 0.0, 1374.4349796299537, 543.6098288664198, 0.0, 0.0, 1.0]
distortion_model: radtan
distortion_coefficients:
  rows: 1
  cols: 4
  data: [0.06705953334235612, -0.14024984922702124, 0.00517216733247409,
    -0.010051309328209725]

