image_width: 1920
image_height: 1080
camera_name: cam0
camera_matrix:
  rows: 3
  cols: 3
  data: [1455.71256860676476208027, 0.0, 959.79552101796753049712, 0.0, 1455.71256860676476208027, 541.88659962762790200941, 0.0, 0.0, 1.0]
distortion_model: radtan
distortion_coefficients:
  rows: 1
  cols: 4
  data: [0.18315644449609269628, -0.54830635452965226229, 0.50733321225662142417,
    -0.00062887439960056983, 0.00157350849212087632]

