image_width: 640
image_height: 480
camera_name: cam0
camera_matrix:
  rows: 3
  cols: 3
  data: [672.61823808435815408302, 0.0, 310.33205858149875666641, 0.0, 672.61823808435815408302, 251.33515739055135895796, 0.0, 0.0, 1.0]
distortion_model: radtan
distortion_coefficients:
  rows: 1
  cols: 4
  data: [0.18658449848950955929, -0.63313785716309811669, 0.52370210529847094350,
    -0.00016528382508368216, 0.00117729497581589462]

