fileName imageWidth imageHeight 
camera matrix K [3x3]
radial distortion [3x1]
tangential distortion [2x1]
camera position t [3x1]
camera rotation R [3x3]
camera model m = K [R|-Rt] X

frame0379.jpg 752 480
468.88618805155573454613 0 382.90780624977520574248
0 468.88618805155573454613 263.54667206259040312943
0 0 1
-0.31835029912928392015 0.14745163460616095286 -0.04043028411048198156
-0.00011640414093506514 -0.00003855549209809086
12.54285317544148981028 4.79637052558012300096 -5.58675250933457956393
-0.74626103699831791705 0.66559254009589108314 -0.00900195683697543707
0.66413766132227747274 0.74358154055493630441 -0.07750909210746508016
-0.04489578456348683466 -0.06382055401394798322 -0.99695100452017282322
frame0393.jpg 752 480
468.88618805155573454613 0 382.90780624977520574248
0 468.88618805155573454613 263.54667206259040312943
0 0 1
-0.31835029912928392015 0.14745163460616095286 -0.04043028411048198156
-0.00011640414093506514 -0.00003855549209809086
12.56758814134518509320 4.67138432636559564060 -5.37599048223872877372
-0.76257956463446596729 0.64327338511694254208 -0.06835027141202874856
0.64687766348661901450 0.75905208987094852091 -0.07341126170171582976
0.00465790553797847812 -0.10019619185745071155 -0.99495679657624536141
frame0407.jpg 752 480
468.88618805155573454613 0 382.90780624977520574248
0 468.88618805155573454613 263.54667206259040312943
0 0 1
-0.31835029912928392015 0.14745163460616095286 -0.04043028411048198156
-0.00011640414093506514 -0.00003855549209809086
12.64303315558168883115 4.62917012155958129682 -5.22519732336243158954
-0.76057407820048794633 0.64664589149274565028 -0.05810475527037564647
0.64885721512404304079 0.76017962661257820756 -0.03333541157136753197
0.02261384423200484689 -0.06305573961752673762 -0.99775377110303986594
frame0421.jpg 752 480
468.88618805155573454613 0 382.90780624977520574248
0 468.88618805155573454613 263.54667206259040312943
0 0 1
-0.31835029912928392015 0.14745163460616095286 -0.04043028411048198156
-0.00011640414093506514 -0.00003855549209809086
12.66829816102582029202 4.59346468605247348904 -4.82705518757643137207
-0.76132591612197997311 0.64484606182204873281 -0.06750115549842358731
0.64822456964516406153 0.75921987926638545563 -0.05822441270701655264
0.01370243589183338384 -0.08808366181835056152 -0.99601883103247623730
frame0435.jpg 752 480
468.88618805155573454613 0 382.90780624977520574248
0 468.88618805155573454613 263.54667206259040312943
0 0 1
-0.31835029912928392015 0.14745163460616095286 -0.04043028411048198156
-0.00011640414093506514 -0.00003855549209809086
12.64109197948131679823 4.63008442686559718027 -4.08077114541773600109
-0.76119108419250447461 0.64639556150159116488 -0.05254437569219173182
0.64848453895440072436 0.75770377207234218542 -0.07316280834168603642
-0.00747904291589748110 -0.08976509264957419076 -0.99593488344302694149
frame0449.jpg 752 480
468.88618805155573454613 0 382.90780624977520574248
0 468.88618805155573454613 263.54667206259040312943
0 0 1
-0.31835029912928392015 0.14745163460616095286 -0.04043028411048198156
-0.00011640414093506514 -0.00003855549209809086
12.58002318585686118979 4.67405625355784426489 -3.40998719508786285459
-0.74470118952941977142 0.66554695589253209942 -0.04967280760789762745
0.66685310631452721086 0.73902231167129506240 -0.09567108994195241967
-0.02696428957219508538 -0.10437084053603848388 -0.99417284952550755150
frame0463.jpg 752 480
468.88618805155573454613 0 382.90780624977520574248
0 468.88618805155573454613 263.54667206259040312943
0 0 1
-0.31835029912928392015 0.14745163460616095286 -0.04043028411048198156
-0.00011640414093506514 -0.00003855549209809086
12.51109558264897003710 4.74560797892483776650 -2.81715124183336262931
-0.76751312341558841634 0.63968565729517812279 -0.04154353422235136650
0.64021788862814554832 0.76165789074107859147 -0.09999156240588839839
-0.03232120767185658883 -0.10334175014333304987 -0.99412062759604058471
frame0477.jpg 752 480
468.88618805155573454613 0 382.90780624977520574248
0 468.88618805155573454613 263.54667206259040312943
0 0 1
-0.31835029912928392015 0.14745163460616095286 -0.04043028411048198156
-0.00011640414093506514 -0.00003855549209809086
12.43935406214670358338 4.82156109940601407260 -2.23981880966488811069
-0.75300631151786412421 0.65702629665029443906 -0.03602693886886108865
0.65642718391067389483 0.74626523866978289323 -0.11041533306671814929
-0.04566012524472232159 -0.10679250471419436674 -0.99323235645014351647
frame0491.jpg 752 480
468.88618805155573454613 0 382.90780624977520574248
0 468.88618805155573454613 263.54667206259040312943
0 0 1
-0.31835029912928392015 0.14745163460616095286 -0.04043028411048198156
-0.00011640414093506514 -0.00003855549209809086
12.39804674470295076105 4.87963752680095019798 -1.69569645113678491022
-0.75379756337296022206 0.65625295399379457439 -0.03348572572614366694
0.65525479723696977707 0.74687333110341713738 -0.11323152381039114367
-0.04929892646828757524 -0.10729532916629723471 -0.99300419343936829897
frame0505.jpg 752 480
468.88618805155573454613 0 382.90780624977520574248
0 468.88618805155573454613 263.54667206259040312943
0 0 1
-0.31835029912928392015 0.14745163460616095286 -0.04043028411048198156
-0.00011640414093506514 -0.00003855549209809086
12.41400499881427954563 4.93462682098737293046 -1.13156102280936687876
-0.76241003987172739631 0.64543003462788017810 -0.04637889070519533863
0.64610450014193065993 0.75532364366310922321 -0.10970491429206875866
-0.03577577391387731093 -0.11360573807575806426 -0.99288157918108499445
frame0519.jpg 752 480
468.88618805155573454613 0 382.90780624977520574248
0 468.88618805155573454613 263.54667206259040312943
0 0 1
-0.31835029912928392015 0.14745163460616095286 -0.04043028411048198156
-0.00011640414093506514 -0.00003855549209809086
12.47348092312146938809 5.00779912875677268858 -0.63559664976419183446
-0.76554378581747606347 0.64151346424669297708 -0.04902231314874248846
0.64314862292212693351 0.76097934899331742820 -0.08526593246472244370
-0.01739427577159205485 -0.09680343793437184985 -0.99515151287352632270
frame0533.jpg 752 480
468.88618805155573454613 0 382.90780624977520574248
0 468.88618805155573454613 263.54667206259040312943
0 0 1
-0.31835029912928392015 0.14745163460616095286 -0.04043028411048198156
-0.00011640414093506514 -0.00003855549209809086
12.48902445309035336152 5.06011017040920041410 -0.13667715345685282902
-0.75443561403872672066 0.65525202783859759492 -0.03836253749968814714
0.65491839414488806081 0.74758535917355828371 -0.11044468190013807807
-0.04368983040354087327 -0.10844773286126133116 -0.99314162532670147154
frame0547.jpg 752 480
468.88618805155573454613 0 382.90780624977520574248
0 468.88618805155573454613 263.54667206259040312943
0 0 1
-0.31835029912928392015 0.14745163460616095286 -0.04043028411048198156
-0.00011640414093506514 -0.00003855549209809086
12.50031614936232138291 5.10851011350607642214 0.38802000907171568800
-0.75437895646928543325 0.65470516883238161210 -0.04768156814194159099
0.65518049373082087872 0.74644761675718307448 -0.11642369205689680201
-0.04063140006140230492 -0.11906761667928031367 -0.99205442995198911404
frame0561.jpg 752 480
468.88618805155573454613 0 382.90780624977520574248
0 468.88618805155573454613 263.54667206259040312943
0 0 1
-0.31835029912928392015 0.14745163460616095286 -0.04043028411048198156
-0.00011640414093506514 -0.00003855549209809086
12.52832986306503215701 5.14293197788931255587 0.93604450473252320819
-0.75669039232999202316 0.65062820614222849347 -0.06405144438362526949
0.65342634091765028348 0.74945848159785444231 -0.10651761054402837658
-0.02129946361891648515 -0.12245375344669676143 -0.99224564051265151665
frame0575.jpg 752 480
468.88618805155573454613 0 382.90780624977520574248
0 468.88618805155573454613 263.54667206259040312943
0 0 1
-0.31835029912928392015 0.14745163460616095286 -0.04043028411048198156
-0.00011640414093506514 -0.00003855549209809086
12.54759605011171608169 5.18469162665896732278 1.47513178664216804137
-0.76286852036233099295 0.64388846533904797731 -0.05864524570255807284
0.64594368065563934067 0.75506808161066785168 -0.11237861697774674530
-0.02807814205450923778 -0.12361163511624345679 -0.99193335542396965376
frame0589.jpg 752 480
468.88618805155573454613 0 382.90780624977520574248
0 468.88618805155573454613 263.54667206259040312943
0 0 1
-0.31835029912928392015 0.14745163460616095286 -0.04043028411048198156
-0.00011640414093506514 -0.00003855549209809086
12.55705247719305539533 5.25398602725865959684 2.10146495942057409678
-0.75790063021765485818 0.65063473118456727207 -0.04755082851084065781
0.65152770367951839958 0.75120589713139196419 -0.10583643726578277622
-0.03314039911912785435 -0.11119418461145465227 -0.99324597520192281497
frame0603.jpg 752 480
468.88618805155573454613 0 382.90780624977520574248
0 468.88618805155573454613 263.54667206259040312943
0 0 1
-0.31835029912928392015 0.14745163460616095286 -0.04043028411048198156
-0.00011640414093506514 -0.00003855549209809086
12.52017744418624900504 5.21537323479813252902 2.45759833354997914157
-0.34858976915585498935 0.93332024098321475503 -0.08601453720680904413
0.93634109534572917966 0.34267617355081581021 -0.07640937931518106130
-0.04183928783604905222 -0.10717447388070067138 -0.99335950498385383600
frame0617.jpg 752 480
468.88618805155573454613 0 382.90780624977520574248
0 468.88618805155573454613 263.54667206259040312943
0 0 1
-0.31835029912928392015 0.14745163460616095286 -0.04043028411048198156
-0.00011640414093506514 -0.00003855549209809086
12.49984574672714643384 5.02625988674066093154 2.60756532233007209953
0.20223765865071216541 0.94977229200993718017 -0.23881482942578907691
0.97752405674200359975 -0.21059835538709401059 -0.00974942043956440567
-0.05955373971577418435 -0.23147554090754801637 -0.97101618217588103743
frame0631.jpg 752 480
468.88618805155573454613 0 382.90780624977520574248
0 468.88618805155573454613 263.54667206259040312943
0 0 1
-0.31835029912928392015 0.14745163460616095286 -0.04043028411048198156
-0.00011640414093506514 -0.00003855549209809086
12.36955326398978627367 5.12727105590123244383 3.00151269372697804272
0.13226347277941663538 0.97733205219070939940 -0.16531313779922296447
0.99101815242554702756 -0.12706497589389606495 0.04168349150609391984
0.01973310242672220161 -0.16934152373762312305 -0.98535985964866479314
frame0645.jpg 752 480
468.88618805155573454613 0 382.90780624977520574248
0 468.88618805155573454613 263.54667206259040312943
0 0 1
-0.31835029912928392015 0.14745163460616095286 -0.04043028411048198156
-0.00011640414093506514 -0.00003855549209809086
11.87662713454831830973 5.33804555363653321365 3.34657925380552923045
0.13514702190110633451 0.97418138926365416275 -0.18084773508009063803
0.99042453465900137655 -0.12763055723906632788 0.05262776837702812238
0.02818729530768405642 -0.18622852002628970114 -0.98210203884935254326
frame0659.jpg 752 480
468.88618805155573454613 0 382.90780624977520574248
0 468.88618805155573454613 263.54667206259040312943
0 0 1
-0.31835029912928392015 0.14745163460616095286 -0.04043028411048198156
-0.00011640414093506514 -0.00003855549209809086
11.14947178762657742368 5.59310722253899506029 3.50698193785547163159
0.13488007221706391214 0.97851867322860686116 -0.15591206579879077210
0.99074438578940071665 -0.13076043801417094881 0.03643171526466316285
0.01526198366867646122 -0.15938291625286885034 -0.98709885921382167773
frame0673.jpg 752 480
468.88618805155573454613 0 382.90780624977520574248
0 468.88618805155573454613 263.54667206259040312943
0 0 1
-0.31835029912928392015 0.14745163460616095286 -0.04043028411048198156
-0.00011640414093506514 -0.00003855549209809086
10.21672566176565588592 5.80521055258198970250 3.55370228085019546072
0.15352175253844688174 0.97734831945390876484 -0.14567544047691863285
0.98795024075844073419 -0.15474317905671952644 0.00297830837206205503
-0.01963143608763594922 -0.14437732161264255071 -0.98932795155150476951
frame0687.jpg 752 480
468.88618805155573454613 0 382.90780624977520574248
0 468.88618805155573454613 263.54667206259040312943
0 0 1
-0.31835029912928392015 0.14745163460616095286 -0.04043028411048198156
-0.00011640414093506514 -0.00003855549209809086
9.27172156421870496956 5.91294114314279362077 3.47365922175635599700
0.15741485674467856071 0.97563410580431142449 -0.15283538355850048718
0.98749249821132256688 -0.15690598968013150238 0.01546209490526745736
-0.00889543997862700039 -0.15335775817975463853 -0.98813069436874922946
frame0701.jpg 752 480
468.88618805155573454613 0 382.90780624977520574248
0 468.88618805155573454613 263.54667206259040312943
0 0 1
-0.31835029912928392015 0.14745163460616095286 -0.04043028411048198156
-0.00011640414093506514 -0.00003855549209809086
8.37091019257952417831 5.95963662176426467454 3.26698975580294082022
0.13224229419424471388 0.98122315110665558890 -0.14040335949886698086
0.99108840756042493325 -0.13317717555627331394 0.00275831655084839145
-0.01599199879889806261 -0.13951690809066408239 -0.99009054552158870521
frame0715.jpg 752 480
468.88618805155573454613 0 382.90780624977520574248
0 468.88618805155573454613 263.54667206259040312943
0 0 1
-0.31835029912928392015 0.14745163460616095286 -0.04043028411048198156
-0.00011640414093506514 -0.00003855549209809086
7.50212860540144088617 5.96932399582358819146 3.23713848800346948309
0.12674018546134843688 0.97987097387225385869 -0.15423942411674104735
0.99129671006666675304 -0.13069939558651799683 -0.01576390193834058262
-0.03560558945201915820 -0.15089911383424289837 -0.98790773832570744073
frame0729.jpg 752 480
468.88618805155573454613 0 382.90780624977520574248
0 468.88618805155573454613 263.54667206259040312943
0 0 1
-0.31835029912928392015 0.14745163460616095286 -0.04043028411048198156
-0.00011640414093506514 -0.00003855549209809086
6.72853175773003631122 5.98479874134391209850 3.38093201674600729589
0.14535791687075469425 0.97506084056506048263 -0.16771235255505964612
0.98845836010905352431 -0.15043256821088793473 -0.01789169505656871759
-0.04267489113653912675 -0.16317597745389608721 -0.98567360421614724775
frame0743.jpg 752 480
468.88618805155573454613 0 382.90780624977520574248
0 468.88618805155573454613 263.54667206259040312943
0 0 1
-0.31835029912928392015 0.14745163460616095286 -0.04043028411048198156
-0.00011640414093506514 -0.00003855549209809086
6.05845000446261483518 6.02024254361620236864 3.48377925123928333662
0.13767864956066039328 0.97385232116112929734 -0.18071039268463082172
0.98972549563820466645 -0.14237068365140337356 -0.01319210825994440554
-0.03857502739938021424 -0.17703741131668362940 -0.98344787470176808775
frame0757.jpg 752 480
468.88618805155573454613 0 382.90780624977520574248
0 468.88618805155573454613 263.54667206259040312943
0 0 1
-0.31835029912928392015 0.14745163460616095286 -0.04043028411048198156
-0.00011640414093506514 -0.00003855549209809086
5.48898427069428151981 6.12630592304321464070 3.43003785906958880147
0.15207591489666574813 0.97471453735673085905 -0.16372075853048129179
0.98826457591019922777 -0.15236489831394403605 0.01086580704850833093
-0.01435423663508426581 -0.16345185354481478468 -0.98644688020358628489
frame0771.jpg 752 480
468.88618805155573454613 0 382.90780624977520574248
0 468.88618805155573454613 263.54667206259040312943
0 0 1
-0.31835029912928392015 0.14745163460616095286 -0.04043028411048198156
-0.00011640414093506514 -0.00003855549209809086
4.92794983151573884328 6.25019744292941581421 3.35066685040768952319
0.14387280179551839576 0.97737268659209319832 -0.15505885465610041996
0.98939001169098672595 -0.14526440039630889034 0.00237881138598040106
-0.02019954627254531149 -0.15375592828003428747 -0.98790237009996506590
frame0785.jpg 752 480
468.88618805155573454613 0 382.90780624977520574248
0 468.88618805155573454613 263.54667206259040312943
0 0 1
-0.31835029912928392015 0.14745163460616095286 -0.04043028411048198156
-0.00011640414093506514 -0.00003855549209809086
4.48761210113409703126 6.30479225953578570341 3.33507642685595717680
-0.11130987214251619744 0.98481899761846991570 -0.13319780138338999098
0.99204940409400532708 0.10219325885359759054 -0.07344738035907452667
-0.05872045810742340666 -0.14031421800599505612 -0.98836421830467968697
frame0799.jpg 752 480
468.88618805155573454613 0 382.90780624977520574248
0 468.88618805155573454613 263.54667206259040312943
0 0 1
-0.31835029912928392015 0.14745163460616095286 -0.04043028411048198156
-0.00011640414093506514 -0.00003855549209809086
4.32165849518600619916 6.31050385713866646142 3.29753231726971751669
-0.74941666640086235240 0.66166845612717206659 -0.02386449846326616636
0.65565819810788872335 0.73662944104639405118 -0.16579925765091282908
-0.09212484667306242159 -0.13989968102165833974 -0.98587072777088924358
frame0813.jpg 752 480
468.88618805155573454613 0 382.90780624977520574248
0 468.88618805155573454613 263.54667206259040312943
0 0 1
-0.31835029912928392015 0.14745163460616095286 -0.04043028411048198156
-0.00011640414093506514 -0.00003855549209809086
4.23152599788100935996 6.13402114069162518462 3.02515346430702081193
-0.72677672427535477961 0.68531338154482124292 -0.04627269310497393595
0.68433911940821079423 0.72823192758857069329 0.03685416242745453985
0.05895390317171050887 -0.00488146660716698086 -0.99824877089059493862
frame0827.jpg 752 480
468.88618805155573454613 0 382.90780624977520574248
0 468.88618805155573454613 263.54667206259040312943
0 0 1
-0.31835029912928392015 0.14745163460616095286 -0.04043028411048198156
-0.00011640414093506514 -0.00003855549209809086
3.91764742953596556418 5.47455057270945832926 2.74410361360782850682
-0.70265119099885520182 0.70721381272076055957 -0.07829384959787974441
0.71128859828633395068 0.70103560048803625904 -0.05116265040281297444
0.01870384280709691538 -0.09163901977511151875 -0.99561662115439997223
frame0841.jpg 752 480
468.88618805155573454613 0 382.90780624977520574248
0 468.88618805155573454613 263.54667206259040312943
0 0 1
-0.31835029912928392015 0.14745163460616095286 -0.04043028411048198156
-0.00011640414093506514 -0.00003855549209809086
3.50208570451655365474 4.68912418511597461901 2.51111968900325788212
-0.72619670619549347990 0.68327006598168726903 -0.07602868435134756131
0.68744062435985142656 0.72297787746166042311 -0.06876319277614938164
0.00798322557326874849 -0.10220081034127387332 -0.99473175402971492076
frame0855.jpg 752 480
468.88618805155573454613 0 382.90780624977520574248
0 468.88618805155573454613 263.54667206259040312943
0 0 1
-0.31835029912928392015 0.14745163460616095286 -0.04043028411048198156
-0.00011640414093506514 -0.00003855549209809086
2.99793729717943424617 3.88684285454918532210 2.42496637360681299711
-0.71480476657447977740 0.69540903801321984901 -0.07389462451309745938
0.69893059618672981337 0.70685907132278458231 -0.10884059446159299878
-0.02345564743224944071 -0.12944698968388035354 -0.99130888701015651421
frame0869.jpg 752 480
468.88618805155573454613 0 382.90780624977520574248
0 468.88618805155573454613 263.54667206259040312943
0 0 1
-0.31835029912928392015 0.14745163460616095286 -0.04043028411048198156
-0.00011640414093506514 -0.00003855549209809086
2.54271576872237048406 3.13054357017932094465 2.44132847264679408994
-0.73895486041556357470 0.66381830439762734564 -0.11528648235970136160
0.67373917609319022848 0.72920998094183875349 -0.11970098701377666905
0.00460834737016180274 -0.16612664579007782595 -0.98609365716094832255
frame0883.jpg 752 480
468.88618805155573454613 0 382.90780624977520574248
0 468.88618805155573454613 263.54667206259040312943
0 0 1
-0.31835029912928392015 0.14745163460616095286 -0.04043028411048198156
-0.00011640414093506514 -0.00003855549209809086
2.04599917075328852079 2.54603491044384888653 2.49855928592491949303
-0.72520363784410346586 0.68250840833273107577 -0.09089530357944977657
0.68838105658106829576 0.71591013800780622933 -0.11663702344442750114
-0.01453287989389831503 -0.14715619882548541808 -0.98900649570628396123
frame0897.jpg 752 480
468.88618805155573454613 0 382.90780624977520574248
0 468.88618805155573454613 263.54667206259040312943
0 0 1
-0.31835029912928392015 0.14745163460616095286 -0.04043028411048198156
-0.00011640414093506514 -0.00003855549209809086
1.56059869630557157549 2.09657204693602405854 2.55855748190560028377
-0.71821325640672928348 0.69168217993284797362 -0.07579894646355718468
0.69535010990864387637 0.70943820064597529207 -0.11482884704741203041
-0.02565039905496290656 -0.13517840592174593106 -0.99048920014343255769
frame0911.jpg 752 480
468.88618805155573454613 0 382.90780624977520574248
0 468.88618805155573454613 263.54667206259040312943
0 0 1
-0.31835029912928392015 0.14745163460616095286 -0.04043028411048198156
-0.00011640414093506514 -0.00003855549209809086
1.13173740886893781088 1.73413777866867535593 2.63320211081921717877
-0.72208660804040725179 0.68751684980482674625 -0.07688635589717213170
0.69178217136855202352 0.71673641344557714739 -0.08789960760880637103
-0.00532521035364758727 -0.11665973973748679227 -0.99315766485441336897
frame0925.jpg 752 480
468.88618805155573454613 0 382.90780624977520574248
0 468.88618805155573454613 263.54667206259040312943
0 0 1
-0.31835029912928392015 0.14745163460616095286 -0.04043028411048198156
-0.00011640414093506514 -0.00003855549209809086
0.68592207045633091234 1.38742383322683981994 2.68613858400323524123
-0.71994037866631199751 0.69195916090142361998 -0.05365045023487769599
0.69356553416872157580 0.71445408118565678635 -0.09231584745001765457
-0.02554801321166169648 -0.10367200934561256187 -0.99428336680202988873
frame0939.jpg 752 480
468.88618805155573454613 0 382.90780624977520574248
0 468.88618805155573454613 263.54667206259040312943
0 0 1
-0.31835029912928392015 0.14745163460616095286 -0.04043028411048198156
-0.00011640414093506514 -0.00003855549209809086
0.31628569902133546465 0.94980241141464105681 2.72116527227569715564
-0.71065252623001018417 0.69508170649842737632 -0.10878606645218276416
0.70319883092325463636 0.70659908434072271621 -0.07892488959143480198
0.02200888800172687287 -0.13258640692049220022 -0.99092706772438154950
frame0953.jpg 752 480
468.88618805155573454613 0 382.90780624977520574248
0 468.88618805155573454613 263.54667206259040312943
0 0 1
-0.31835029912928392015 0.14745163460616095286 -0.04043028411048198156
-0.00011640414093506514 -0.00003855549209809086
-0.10001903503918992133 0.49745941291659662165 2.79739235872051983378
-0.74317543455966228461 0.66651856242356444238 -0.05867946328897515745
0.66907418611338709269 0.73956915715588056326 -0.07332936151671443081
-0.00547785941457155923 -0.09375749425280825722 -0.99557999443925593308
frame0969.jpg 752 480
468.88618805155573454613 0 382.90780624977520574248
0 468.88618805155573454613 263.54667206259040312943
0 0 1
-0.31835029912928392015 0.14745163460616095286 -0.04043028411048198156
-0.00011640414093506514 -0.00003855549209809086
-0.63640003959749169571 -0.05528342809429637184 2.92129884056952748850
-0.72162114986303116382 0.68788837029371008303 -0.07792628622628217094
0.69223034241057668225 0.71552009077174627549 -0.09406462006582554103
-0.00894813480524325744 -0.12182195909053408767 -0.99251163276147624792
frame0983.jpg 752 480
468.88618805155573454613 0 382.90780624977520574248
0 468.88618805155573454613 263.54667206259040312943
0 0 1
-0.31835029912928392015 0.14745163460616095286 -0.04043028411048198156
-0.00011640414093506514 -0.00003855549209809086
-1.08031806626047521824 -0.52861226610270606319 3.02381409963463410051
-0.73277570018129367657 0.67625576692677369373 -0.07561686929578607941
0.68045782322427927902 0.72889576505919850824 -0.07541958957486555315
0.00411388340748021497 -0.10671973283815333611 -0.99428063170629199519
frame0997.jpg 752 480
468.88618805155573454613 0 382.90780624977520574248
0 468.88618805155573454613 263.54667206259040312943
0 0 1
-0.31835029912928392015 0.14745163460616095286 -0.04043028411048198156
-0.00011640414093506514 -0.00003855549209809086
-1.51653279294274834221 -1.01245406695943374054 3.19262720461045379494
-0.72645231333059190337 0.68297894821923577080 -0.07620231457100283545
0.68717077924302227832 0.72320832732908268969 -0.06903647902672864489
0.00795968662506509050 -0.10251571377704384036 -0.99469953846255199092
frame1011.jpg 752 480
468.88618805155573454613 0 382.90780624977520574248
0 468.88618805155573454613 263.54667206259040312943
0 0 1
-0.31835029912928392015 0.14745163460616095286 -0.04043028411048198156
-0.00011640414093506514 -0.00003855549209809086
-1.97516492767654594509 -1.52792213398573384353 3.30580588484589021903
-0.72498043151038715770 0.68454917500584921974 -0.07613015779455623022
0.68876559813348381400 0.72016391992455974780 -0.08346184317828413135
-0.00230754303035907160 -0.11294403675140871068 -0.99359867139980595496
frame1025.jpg 752 480
468.88618805155573454613 0 382.90780624977520574248
0 468.88618805155573454613 263.54667206259040312943
0 0 1
-0.31835029912928392015 0.14745163460616095286 -0.04043028411048198156
-0.00011640414093506514 -0.00003855549209809086
-2.45088829893594883913 -2.04421628047529635452 3.32805547186587258324
-0.71352947859409210363 0.69777119249862029626 -0.06317472672118659704
0.70046056249584109921 0.70850120037533304007 -0.08591303425395983850
-0.01518827064721602754 -0.10555288715030773650 -0.99429769407807711001
frame1039.jpg 752 480
468.88618805155573454613 0 382.90780624977520574248
0 468.88618805155573454613 263.54667206259040312943
0 0 1
-0.31835029912928392015 0.14745163460616095286 -0.04043028411048198156
-0.00011640414093506514 -0.00003855549209809086
-2.91360163711513431295 -2.56461072735973605319 3.31432111657470818145
-0.72574860910552529969 0.68539062508926384965 -0.05940241932062727964
0.68790824133781580674 0.72192460073372799467 -0.07488072084963325048
-0.00843847621960346767 -0.09520799281150463256 -0.99542163439614650411
frame1053.jpg 752 480
468.88618805155573454613 0 382.90780624977520574248
0 468.88618805155573454613 263.54667206259040312943
0 0 1
-0.31835029912928392015 0.14745163460616095286 -0.04043028411048198156
-0.00011640414093506514 -0.00003855549209809086
-3.37784825783263897847 -3.08452752945592090228 3.24089223902999590265
-0.72137538250622412761 0.68957034125042382389 -0.06411163686705471931
0.69254020718772235643 0.71795658456160837968 -0.07018834741619590922
-0.00237043084386480418 -0.09503203224389215886 -0.99547139281106933328
frame1067.jpg 752 480
468.88618805155573454613 0 382.90780624977520574248
0 468.88618805155573454613 263.54667206259040312943
0 0 1
-0.31835029912928392015 0.14745163460616095286 -0.04043028411048198156
-0.00011640414093506514 -0.00003855549209809086
-3.83908461164155978551 -3.61072291801670264277 3.14563397870150129876
-0.72831377820580456284 0.68328025283161730741 -0.05183759799553924047
0.68513360922643673501 0.72475359875146150301 -0.07296683222644288758
-0.01228730987410749792 -0.08865842987086258731 -0.99598629751060885340
frame1081.jpg 752 480
468.88618805155573454613 0 382.90780624977520574248
0 468.88618805155573454613 263.54667206259040312943
0 0 1
-0.31835029912928392015 0.14745163460616095286 -0.04043028411048198156
-0.00011640414093506514 -0.00003855549209809086
-4.27000178096298022012 -4.15661190416406078896 3.06080519382201510226
-0.72117435846024269264 0.68942981256890289998 -0.06777962998323880384
0.69275335716799957275 0.71779520226244653003 -0.06973402140619527900
0.00057517990534360075 -0.09724495436895919109 -0.99526031168627215884
frame1095.jpg 752 480
468.88618805155573454613 0 382.90780624977520574248
0 468.88618805155573454613 263.54667206259040312943
0 0 1
-0.31835029912928392015 0.14745163460616095286 -0.04043028411048198156
-0.00011640414093506514 -0.00003855549209809086
-4.67718652800071410525 -4.74384778265664674990 2.99568592478759709863
-0.73866461539887928733 0.66690648382965356245 -0.09803227929408539487
0.67385678988317021521 0.73426101786313602293 -0.08232730030154250533
0.01707667081062867742 -0.12687198064410970533 -0.99177209470798577406
frame1109.jpg 752 480
468.88618805155573454613 0 382.90780624977520574248
0 468.88618805155573454613 263.54667206259040312943
0 0 1
-0.31835029912928392015 0.14745163460616095286 -0.04043028411048198156
-0.00011640414093506514 -0.00003855549209809086
-5.09743679490304746338 -5.27039813968780190834 3.07800607659051461695
-0.72790978916793569464 0.68054398879760102936 -0.08370912820560223733
0.68547632432238470024 0.72518098457316482186 -0.06507494454064578771
0.01641790568142616202 -0.10474931467530405882 -0.99436312956992223278
frame1123.jpg 752 480
468.88618805155573454613 0 382.90780624977520574248
0 468.88618805155573454613 263.54667206259040312943
0 0 1
-0.31835029912928392015 0.14745163460616095286 -0.04043028411048198156
-0.00011640414093506514 -0.00003855549209809086
-5.54789341149925263608 -5.76646601157253346770 3.37187914164728796962
-0.72552752841388534755 0.68384914227074122817 -0.07720204744182886103
0.68809735337851019032 0.72271917709348509895 -0.06479987141040684240
0.01148206371382970437 -0.10013661506605470164 -0.99490744320061474948
frame1137.jpg 752 480
468.88618805155573454613 0 382.90780624977520574248
0 468.88618805155573454613 263.54667206259040312943
0 0 1
-0.31835029912928392015 0.14745163460616095286 -0.04043028411048198156
-0.00011640414093506514 -0.00003855549209809086
-6.00571305115092357596 -6.22801886752908195888 3.62130111750993677333
-0.71924841421633012306 0.69031674076901583526 -0.07838696359304862804
0.69461928301278352826 0.71673167054770270390 -0.06164222660405701409
0.01362975840214994405 -0.09878517018228430424 -0.99501543698475169997
frame1151.jpg 752 480
468.88618805155573454613 0 382.90780624977520574248
0 468.88618805155573454613 263.54667206259040312943
0 0 1
-0.31835029912928392015 0.14745163460616095286 -0.04043028411048198156
-0.00011640414093506514 -0.00003855549209809086
-6.44586066093453435855 -6.69754213817048871249 3.74066614974810596195
-0.71648941181650438459 0.69425130881694696594 -0.06824985685549518621
0.69746079095441182449 0.71485201754537541774 -0.05034916178599645187
0.01383357640256956123 -0.08367624045846167036 -0.99639696855553094856
frame1165.jpg 752 480
468.88618805155573454613 0 382.90780624977520574248
0 468.88618805155573454613 263.54667206259040312943
0 0 1
-0.31835029912928392015 0.14745163460616095286 -0.04043028411048198156
-0.00011640414093506514 -0.00003855549209809086
-6.86126175699670781682 -7.21477341279932815610 3.77703175143807934333
-0.74321589717901959116 0.65957930280389698297 -0.11218410534968970005
0.66747899867827786835 0.74246125641098248416 -0.05677207986386335198
0.04584666295193848273 -0.11707444657716944980 -0.99206434138861221417
frame1179.jpg 752 480
468.88618805155573454613 0 382.90780624977520574248
0 468.88618805155573454613 263.54667206259040312943
0 0 1
-0.31835029912928392015 0.14745163460616095286 -0.04043028411048198156
-0.00011640414093506514 -0.00003855549209809086
-7.32883757503150157220 -7.69953685255707220847 3.73787390513455219931
-0.71982592085506025281 0.68911495897278363110 -0.08349381405291826652
0.69322779714878712820 0.71985929708319051912 -0.03518257612988177907
0.03585895878862803421 -0.08320556305220040694 -0.99588702639996351529
frame1193.jpg 752 480
468.88618805155573454613 0 382.90780624977520574248
0 468.88618805155573454613 263.54667206259040312943
0 0 1
-0.31835029912928392015 0.14745163460616095286 -0.04043028411048198156
-0.00011640414093506514 -0.00003855549209809086
-7.85711257534443774375 -8.20910097228004609349 3.75547871012035949789
-0.72754354297691847808 0.68377152690223153009 -0.05600796434779285043
0.68603065702893206712 0.72430829603715907172 -0.06884351754667147882
-0.00650620388894832674 -0.08850983724726835256 -0.99605405376486344515
frame1207.jpg 752 480
468.88618805155573454613 0 382.90780624977520574248
0 468.88618805155573454613 263.54667206259040312943
0 0 1
-0.31835029912928392015 0.14745163460616095286 -0.04043028411048198156
-0.00011640414093506514 -0.00003855549209809086
-8.34891055843505824896 -8.73678697926799685547 3.84714488401320497957
-0.71599747493215970540 0.69513246482950052929 -0.06433095857232649928
0.69801036336991262310 0.71435657602217417228 -0.04976158078355373549
0.01136435299406747534 -0.08053284195866156070 -0.99668716899892295658
frame1223.jpg 752 480
468.88618805155573454613 0 382.90780624977520574248
0 468.88618805155573454613 263.54667206259040312943
0 0 1
-0.31835029912928392015 0.14745163460616095286 -0.04043028411048198156
-0.00011640414093506514 -0.00003855549209809086
-8.89208061841325836383 -9.36367200305575408947 3.94695532520920222552
-0.73996126177387167022 0.66907133305152455272 -0.06928839991423996203
0.67262676816975908167 0.73684677480557603246 -0.06804455305258447217
0.00552827419045878038 -0.09695556583959860641 -0.99527335764462132595
frame1237.jpg 752 480
468.88618805155573454613 0 382.90780624977520574248
0 468.88618805155573454613 263.54667206259040312943
0 0 1
-0.31835029912928392015 0.14745163460616095286 -0.04043028411048198156
-0.00011640414093506514 -0.00003855549209809086
-9.36295085808986371489 -9.90331042625789059741 4.03045381550514214553
-0.72851688727845564930 0.67884095384208431589 -0.09185915488876983392
0.68489942214573473755 0.72439828407798856347 -0.07848507864112885812
0.01326372853116412898 -0.12009198729155401431 -0.99267416008165376695
frame1255.jpg 752 480
468.88618805155573454613 0 382.90780624977520574248
0 468.88618805155573454613 263.54667206259040312943
0 0 1
-0.31835029912928392015 0.14745163460616095286 -0.04043028411048198156
-0.00011640414093506514 -0.00003855549209809086
-9.95977755351879423529 -10.56850451141915847586 4.03332195795065029387
-0.71570262882951396488 0.69447423065525426544 -0.07399520283312753521
0.69837439342835472278 0.71263725522729515216 -0.06649322571273583171
0.00655390647634858381 -0.09926573133715278774 -0.99503937655351093472
frame1269.jpg 752 480
468.88618805155573454613 0 382.90780624977520574248
0 468.88618805155573454613 263.54667206259040312943
0 0 1
-0.31835029912928392015 0.14745163460616095286 -0.04043028411048198156
-0.00011640414093506514 -0.00003855549209809086
-10.41508025795606684483 -11.11897014227668378794 4.00691690408009737467
-0.73847745625970551142 0.66989646164594263134 -0.07674488432749712596
0.67425851198245112528 0.73452621467052892079 -0.07646371022252834715
0.00514836045801164710 -0.10821261773023552188 -0.99411444197766496433
frame1283.jpg 752 480
468.88618805155573454613 0 382.90780624977520574248
0 468.88618805155573454613 263.54667206259040312943
0 0 1
-0.31835029912928392015 0.14745163460616095286 -0.04043028411048198156
-0.00011640414093506514 -0.00003855549209809086
-10.89623273324953345309 -11.65100188933764258081 3.95950377476263248866
-0.73947789078294767773 0.67047770699770592451 -0.06026685210214176303
0.67315696721652029666 0.73572839797316968991 -0.07458834965120245131
-0.00566979109488664756 -0.09572548686181650557 -0.99539162375117895554
frame1297.jpg 752 480
468.88618805155573454613 0 382.90780624977520574248
0 468.88618805155573454613 263.54667206259040312943
0 0 1
-0.31835029912928392015 0.14745163460616095286 -0.04043028411048198156
-0.00011640414093506514 -0.00003855549209809086
-11.40510322963389455708 -12.17122429058315979944 3.91023631349787681444
-0.72055327187326356775 0.69205376126769935219 -0.04318071222160468209
0.69304148672647969409 0.71678222730277840746 -0.07692032435461190754
-0.02228183270481847930 -0.08535121638323747706 -0.99610174670724083157
frame1311.jpg 752 480
468.88618805155573454613 0 382.90780624977520574248
0 468.88618805155573454613 263.54667206259040312943
0 0 1
-0.31835029912928392015 0.14745163460616095286 -0.04043028411048198156
-0.00011640414093506514 -0.00003855549209809086
-11.87603121016184282155 -12.73286490208023202797 3.75720442970362089596
-0.71062656100166299300 0.70008576140076339556 -0.06992722990983642195
0.70355191408362560690 0.70638984307794516759 -0.07764079974847475085
-0.00495933344479039528 -0.10437105096830856521 -0.99452606236918394966
frame1325.jpg 752 480
468.88618805155573454613 0 382.90780624977520574248
0 468.88618805155573454613 263.54667206259040312943
0 0 1
-0.31835029912928392015 0.14745163460616095286 -0.04043028411048198156
-0.00011640414093506514 -0.00003855549209809086
-12.33113601256343550006 -13.28265154794640068303 3.54826212258010498246
-0.72344129358521480633 0.68871653898286810946 -0.04798149296562825156
0.69026228208469964098 0.72024761980705487296 -0.06914729274161444950
-0.01306432803375719848 -0.08314382174119461233 -0.99645191968267832205
frame1339.jpg 752 480
468.88618805155573454613 0 382.90780624977520574248
0 468.88618805155573454613 263.54667206259040312943
0 0 1
-0.31835029912928392015 0.14745163460616095286 -0.04043028411048198156
-0.00011640414093506514 -0.00003855549209809086
-12.77337033760641382685 -13.82577197131538682129 3.39224474300809220040
-0.73103199412620278874 0.68069795776465269466 -0.04735518829968505400
0.68210080095430791758 0.72716065235068094719 -0.07730383567730556016
-0.01818573345672788028 -0.08881258901734223610 -0.99588232393725995006
frame1353.jpg 752 480
468.88618805155573454613 0 382.90780624977520574248
0 468.88618805155573454613 263.54667206259040312943
0 0 1
-0.31835029912928392015 0.14745163460616095286 -0.04043028411048198156
-0.00011640414093506514 -0.00003855549209809086
-13.23331110766740970064 -14.37100465412279248767 3.32742246996119828140
-0.73309834454590394603 0.67773548646661230244 -0.05693353675927404628
0.67972385667522805530 0.72723066194318908284 -0.09545178361992492921
-0.02328724738154187845 -0.10867462773589539604 -0.99380457304032132626
frame1367.jpg 752 480
468.88618805155573454613 0 382.90780624977520574248
0 468.88618805155573454613 263.54667206259040312943
0 0 1
-0.31835029912928392015 0.14745163460616095286 -0.04043028411048198156
-0.00011640414093506514 -0.00003855549209809086
-13.68024445795636623302 -14.89829298823330638868 3.31838449658770295869
-0.72495361030352056808 0.68572058660897439175 -0.06503491376587849926
0.68865425407234337474 0.71963788961298935654 -0.08875035876787921996
-0.01405635998242751178 -0.10912646303260697955 -0.99392848525939603288
frame1381.jpg 752 480
468.88618805155573454613 0 382.90780624977520574248
0 468.88618805155573454613 263.54667206259040312943
0 0 1
-0.31835029912928392015 0.14745163460616095286 -0.04043028411048198156
-0.00011640414093506514 -0.00003855549209809086
-14.11733324783760323839 -15.40567487899747689539 3.32208248315222975933
-0.72836940258359361700 0.68103122613247968342 -0.07532916043943492512
0.68515153756237401339 0.72283826993741451261 -0.08984545670093722902
-0.00673676153159282615 -0.11705257172047336955 -0.99310287055153045888
frame1395.jpg 752 480
468.88618805155573454613 0 382.90780624977520574248
0 468.88618805155573454613 263.54667206259040312943
0 0 1
-0.31835029912928392015 0.14745163460616095286 -0.04043028411048198156
-0.00011640414093506514 -0.00003855549209809086
-14.56536352365877995396 -15.89154412876767707985 3.31667111984145979164
-0.73862187931479261760 0.67076403352773794619 -0.06718132719055007473
0.67406663023151813796 0.73363318863141724346 -0.08611923447653990760
-0.00847923379851115572 -0.10889424164802835593 -0.99401717627518437759
frame1409.jpg 752 480
468.88618805155573454613 0 382.90780624977520574248
0 468.88618805155573454613 263.54667206259040312943
0 0 1
-0.31835029912928392015 0.14745163460616095286 -0.04043028411048198156
-0.00011640414093506514 -0.00003855549209809086
-15.02431312251284722947 -16.37694396713620648143 3.32969823918631790960
-0.73622885321825626281 0.67253780327108392267 -0.07523283099974382993
0.67672953513290745597 0.73132470309708774714 -0.08486056162172994632
-0.00205230790338767344 -0.11338907271541262545 -0.99354854245829815618
frame1423.jpg 752 480
468.88618805155573454613 0 382.90780624977520574248
0 468.88618805155573454613 263.54667206259040312943
0 0 1
-0.31835029912928392015 0.14745163460616095286 -0.04043028411048198156
-0.00011640414093506514 -0.00003855549209809086
